phase_oscillator.omega          	4.4762003	4.4542487	0.011519228	
pelvis_tilt.offset              	0.025231968	0.020991003	0.0011521906	
hip_flexion_r.offset            	0.0079367311	0.0073720619	0.0011312637	
knee_angle_r.offset             	0.015447195	0.012539459	0.0011390167	
ankle_angle_r.offset            	0.029775096	0.029178869	0.0011538262	
hip_flexion_l.offset            	-0.036477219	-0.036499254	0.0011450958	
knee_angle_l.offset             	0.042924291	0.04084745	0.0011434533	
ankle_angle_l.offset            	-0.022172272	-0.023492093	0.0011409141	
pelvis_tilt_u.offset            	-0.0020709015	-0.00039837079	0.0011813435	
pelvis_tx_u.offset              	-0.032280647	-0.031863572	0.0011373724	
pelvis_ty_u.offset              	-0.028952629	-0.027577774	0.0011566888	
hip_flexion_r_u.offset          	0.024428352	0.025157681	0.0011312167	
knee_angle_r_u.offset           	0.05266031	0.054343276	0.0011752518	
ankle_angle_r_u.offset          	0.018121152	0.016215725	0.0011453871	
hip_flexion_l_u.offset          	0.023379731	0.023184003	0.0011671488	
knee_angle_l_u.offset           	-0.03671809	-0.037494078	0.001127022	
ankle_angle_l_u.offset          	0.019231255	0.017780193	0.0011418883	
phase_left.offset               	-0.024841562	-0.02578236	0.0011332363	
phase_right.offset              	-0.019084052	-0.018774166	0.0011180272	
stance_load_threshold           	0.12326769	0.12750329	0.01102825	
swing_load_threshold            	0.24672043	0.24019176	0.011060628	
landing_threshold               	-0.0068101138	-0.071677548	0.047500399	
late_stance_threshold           	-0.081413389	-0.076348198	0.0056168675	
S00011.hamstrings.C0            	0.048508227	0.048373308	0.0011298152	
S00011.bifemsh.C0               	0.071905219	0.071547101	0.001139607	
S00011.glut_max.C0              	0.036498278	0.036384008	0.0011453266	
S00011.iliopsoas.C0             	0.063255993	0.062947393	0.0011407489	
S00011.rect_fem.C0              	0.059574496	0.061851304	0.0011463071	
S00011.vasti.C0                 	0.011202414	0.012155867	0.0010918558	
S00011.gastroc.C0               	0.071544936	0.070942702	0.0011498791	
S00011.soleus.C0                	0.021060405	0.019829994	0.0011098879	
S00011.tib_ant.C0               	0.08371381	0.084990162	0.001142944	
S00100.hamstrings.C0            	0.059808662	0.058696124	0.0011234613	
S00100.bifemsh.C0               	0.0661486	0.065596494	0.0011257667	
S00100.glut_max.C0              	0.039979602	0.040175433	0.001120293	
S00100.iliopsoas.C0             	0.076437117	0.07780775	0.0011509391	
S00100.rect_fem.C0              	0.040078202	0.039795074	0.0011324127	
S00100.vasti.C0                 	0.025927765	0.025312728	0.0011429689	
S00100.gastroc.C0               	0.039283973	0.039928815	0.0011278436	
S00100.soleus.C0                	0.055273857	0.055062605	0.0011447288	
S00100.tib_ant.C0               	0.057424887	0.05709538	0.0011294836	
S11000.hamstrings.C0            	0.011858824	0.012970279	0.0010665094	
S11000.bifemsh.C0               	0.070788171	0.07068882	0.0011150036	
S11000.glut_max.C0              	0.036485421	0.037207777	0.00112986	
S11000.iliopsoas.C0             	0.057083282	0.055608705	0.0011272983	
S11000.rect_fem.C0              	0.049960372	0.050720215	0.0011133566	
S11000.vasti.C0                 	0.015019242	0.012657249	0.0010823171	
S11000.gastroc.C0               	0.013711688	0.013392923	0.0010881658	
S11000.soleus.C0                	0.036010088	0.037860493	0.0011596091	
S11000.tib_ant.C0               	0.10426822	0.1049424	0.0011547623	
S00111.tib_ant.KL               	1.6490303	1.650846	0.022634177	
S00111.tib_ant.L0               	0.75478069	0.75262334	0.010887383	
S01000.tib_ant.KL               	2.9537524	2.9920233	0.023198023	
S01000.tib_ant.L0               	0.81068953	0.8040253	0.010863019	
S10000.tib_ant.KL               	1.2314686	1.268206	0.022345855	
S10000.tib_ant.L0               	0.77655061	0.76515624	0.011134419	
S11111.tib_ant-soleus.KF        	-0.29462873	-0.28655036	0.022426356	
S00011.hamstrings.KL            	1.4807657	1.488118	0.022422448	
S00011.hamstrings.L0            	0.97184972	0.95842036	0.010811295	
S00011.hamstrings.KV            	0.32635628	0.34219476	0.022306249	
S00011.glut_max.KL              	0.386599	0.36833301	0.022015701	
S00011.glut_max.L0              	1.0174528	1.0161203	0.010856739	
S00011.glut_max.KV              	0.18767473	0.21100814	0.0223031	
S00011.vasti.KL                 	0.5841125	0.60999777	0.023148353	
S00011.vasti.L0                 	0.82836887	0.83497944	0.0085961903	
S00011.vasti.KV                 	0.093194558	0.1029762	0.020533556	
S00110.soleus.KF                	0.90816709	0.87822917	0.023538853	
S00110.gastroc.KF               	1.3573736	1.3431998	0.022815954	
S00011.hamstrings-pelvis_tilt.P0	0.037767511	0.033505975	0.011274374	
S00011.hamstrings-pelvis_tilt.KP	0.60420792	0.59336535	0.011464861	
S00011.hamstrings-pelvis_tilt.KV	0.42888293	0.4291151	0.011252463	
S00011.glut_max-pelvis_tilt.P0  	-0.30353927	-0.31197484	0.011446096	
S00011.glut_max-pelvis_tilt.KP  	0.42322582	0.43716608	0.01141863	
S00011.glut_max-pelvis_tilt.KV  	0.052936474	0.059246894	0.011521354	
S00011.iliopsoas-pelvis_tilt.P0 	-0.11427121	-0.11671527	0.010959416	
S00011.iliopsoas-pelvis_tilt.KP 	-1.2914322	-1.2680714	0.011480719	
S00011.iliopsoas-pelvis_tilt.KV 	-0.6981241	-0.68624273	0.011172899	
S00100.iliopsoas.KL             	1.0512062	1.0128014	0.023116216	
S00100.iliopsoas.L0             	0.68115439	0.69066011	0.011237003	
S00100.rect_fem.KL              	0.34051926	0.38696682	0.02300464	
S00100.rect_fem.L0              	1.0872179	1.0739732	0.010775363	
S01000.bifemsh.KL               	1.2429128	1.2019509	0.022381353	
S01000.bifemsh.L0               	0.88649089	0.87852465	0.011158111	
S01000.iliopsoas.KL             	2.587216	2.6154494	0.022716847	
S01000.iliopsoas.L0             	0.86691749	0.84895522	0.0099202465	
S10000.iliopsoas.KL             	2.2899442	2.3132554	0.022963778	
S10000.iliopsoas.L0             	0.81796	0.79722369	0.0098753808	
S10000.hamstrings.KL            	0.18661542	0.21227904	0.022585175	
S10000.hamstrings.L0            	1.0998517	1.0809584	0.010463388	
S10000.glut_max.KL              	0.089371431	0.1022943	0.021742733	
S10000.glut_max.L0              	0.99941343	1.0114371	0.010833386	
S10000.vasti.KL                 	0.0023444241	0.038412634	0.021032856	
S10000.vasti.L0                 	0.82852465	0.81871937	0.010349654	
