pelvis_tilt.offset              	0.069511122	0.069522281	2.7532064e-05	
hip_flexion_r.offset            	0.036287344	0.036258095	2.4310432e-05	
knee_angle_r.offset             	0.023586745	0.023600698	2.9269166e-05	
ankle_angle_r.offset            	0.054258067	0.054287417	2.4944203e-05	
hip_flexion_l.offset            	-0.073135011	-0.073072323	2.7069545e-05	
knee_angle_l.offset             	0.028659011	0.02867877	2.6889017e-05	
ankle_angle_l.offset            	-0.063826702	-0.063816091	2.9156158e-05	
pelvis_tilt_u.offset            	-0.007848834	-0.0078313968	2.6808041e-05	
pelvis_tx_u.offset              	-0.014725947	-0.014724309	2.6846635e-05	
pelvis_ty_u.offset              	-0.015884197	-0.015918456	2.6923492e-05	
hip_flexion_r_u.offset          	0.032243032	0.032244333	2.5844742e-05	
knee_angle_r_u.offset           	0.0344493	0.034499231	2.5747393e-05	
ankle_angle_r_u.offset          	0.020410911	0.0204194	2.6248115e-05	
hip_flexion_l_u.offset          	0.019155137	0.019122848	2.6253495e-05	
knee_angle_l_u.offset           	-0.039618938	-0.03961287	2.4992952e-05	
ankle_angle_l_u.offset          	-0.015178979	-0.015171366	2.5288367e-05	
stance_load_threshold           	0.10758836	0.10785233	0.00024970729	
swing_load_threshold            	0.38653556	0.38622519	0.00026573923	
landing_threshold               	0.40696292	0.40667554	0.00079551927	
late_stance_threshold           	0.027916878	0.028062343	0.00014562104	
S00011.hamstrings.C0            	0.039386674	0.039373349	2.8241066e-05	
S00011.bifemsh.C0               	0.085473137	0.085500798	2.5786722e-05	
S00011.glut_max.C0              	0.041639559	0.041642489	2.45656e-05	
S00011.iliopsoas.C0             	0.070437851	0.070441446	2.6328552e-05	
S00011.rect_fem.C0              	0.01124243	0.011289271	2.9795176e-05	
S00011.vasti.C0                 	0.010055277	0.010056534	2.5608654e-05	
S00011.gastroc.C0               	0.097352794	0.097338869	2.6127421e-05	
S00011.soleus.C0                	0.010095589	0.010124067	2.4111577e-05	
S00011.tib_ant.C0               	0.074897821	0.074939665	2.7153506e-05	
S00100.hamstrings.C0            	0.047960362	0.047951803	2.7111922e-05	
S00100.bifemsh.C0               	0.090561226	0.090542115	2.5763665e-05	
S00100.glut_max.C0              	0.036955704	0.03698911	2.5912106e-05	
S00100.iliopsoas.C0             	0.091504713	0.091482007	2.5925557e-05	
S00100.rect_fem.C0              	0.016058789	0.016097935	2.5682465e-05	
S00100.vasti.C0                 	0.010031991	0.010037163	2.1790481e-05	
S00100.gastroc.C0               	0.028525196	0.028579407	2.6887293e-05	
S00100.soleus.C0                	0.076608225	0.076602484	2.6441152e-05	
S00100.tib_ant.C0               	0.032692361	0.03272364	2.6081073e-05	
S11000.hamstrings.C0            	0.010128551	0.010186562	1.806438e-05	
S11000.bifemsh.C0               	0.061340667	0.061388825	2.5858699e-05	
S11000.glut_max.C0              	0.010025887	0.01003371	1.9308886e-05	
S11000.iliopsoas.C0             	0.084090581	0.084064432	2.992536e-05	
S11000.rect_fem.C0              	0.053714347	0.053678568	2.447818e-05	
S11000.vasti.C0                 	0.010049455	0.010049658	2.0386462e-05	
S11000.gastroc.C0               	0.013006561	0.013008436	2.5783839e-05	
S11000.soleus.C0                	0.010029847	0.010080656	2.1497444e-05	
S11000.tib_ant.C0               	0.11345248	0.11344573	2.4691076e-05	
S00111.tib_ant.KL               	1.4119302	1.4134045	0.00053114044	
S00111.tib_ant.L0               	0.76784588	0.76694732	0.00024901299	
S01000.tib_ant.KL               	3.0480638	3.0485171	0.00052027204	
S01000.tib_ant.L0               	0.87940571	0.87914089	0.0002493076	
S10000.tib_ant.KL               	1.629963	1.6291642	0.00050939291	
S10000.tib_ant.L0               	0.87351833	0.87308203	0.00028716986	
S11111.tib_ant-soleus.KF        	-0.81838095	-0.81874522	0.00052849124	
S00011.hamstrings.KL            	2.493422	2.4931881	0.00050427772	
S00011.hamstrings.L0            	0.99897706	0.99908981	0.00018090543	
S00011.hamstrings.KV            	0.31066847	0.31123828	0.00050164181	
S00011.glut_max.KL              	0.0068575317	0.0074590238	0.00048592016	
S00011.glut_max.L0              	0.9230739	0.92287532	0.00025240649	
S00011.glut_max.KV              	0.47597112	0.47504535	0.00052728627	
S00011.vasti.KL                 	0.040710305	0.040233521	0.00064409639	
S00011.vasti.L0                 	0.84793462	0.84771685	0.00019514362	
S00011.vasti.KV                 	0.221622	0.22225352	0.00037470396	
S00110.soleus.KF                	1.2810427	1.281245	0.00053813357	
S00110.gastroc.KF               	0.3352031	0.33591108	0.00071425816	
S00011.hamstrings-pelvis_tilt.P0	-0.33714456	-0.33711932	0.00025346245	
S00011.hamstrings-pelvis_tilt.KP	0.68744618	0.6874074	0.00025354048	
S00011.hamstrings-pelvis_tilt.KV	0.40725075	0.40734398	0.00026376949	
S00011.glut_max-pelvis_tilt.P0  	-0.25140684	-0.25110139	0.0002510008	
S00011.glut_max-pelvis_tilt.KP  	0.54321099	0.54331731	0.00028359179	
S00011.glut_max-pelvis_tilt.KV  	0.22414083	0.22440295	0.00027561881	
S00011.iliopsoas-pelvis_tilt.P0 	-0.099447816	-0.098893314	0.00021922434	
S00011.iliopsoas-pelvis_tilt.KP 	-1.0994627	-1.0995996	0.00026454287	
S00011.iliopsoas-pelvis_tilt.KV 	-0.52447017	-0.52450217	0.00024615955	
S00100.iliopsoas.KL             	0.99580576	0.99676684	0.0005233313	
S00100.iliopsoas.L0             	0.76952328	0.76926754	0.00026248585	
S00100.rect_fem.KL              	0.0016781042	0.001763912	0.00039622319	
S00100.rect_fem.L0              	0.91634228	0.91597387	0.00027520799	
S01000.bifemsh.KL               	1.2431591	1.2430418	0.00048967787	
S01000.bifemsh.L0               	0.98444487	0.98424867	0.00024261719	
S01000.iliopsoas.KL             	1.8466855	1.8477902	0.00094894987	
S01000.iliopsoas.L0             	0.86549299	0.86544166	0.00017441968	
S10000.iliopsoas.KL             	2.6838565	2.6843146	0.00052796696	
S10000.iliopsoas.L0             	0.78370812	0.78401996	0.00018887783	
S10000.hamstrings.KL            	0.31863359	0.31971724	0.0005182799	
S10000.hamstrings.L0            	1.0991502	1.0989718	0.00025537835	
S10000.glut_max.KL              	0.62802332	0.6273592	0.00058459647	
S10000.glut_max.L0              	1.0982418	1.0978631	0.00022983675	
S10000.vasti.KL                 	0.12652958	0.12646281	0.00040211969	
S10000.vasti.L0                 	0.76265567	0.76311867	0.0002328459	
